randm20.02.02.06.020_0030.01.aba
       |1        2        3        4        5        6        7        8        9        10       11       12       13       14       15       16       17       18       19       20       
CLIQUE |0.129    0.259    0.407    0.567    0.734    0.901    1.072    1.253    1.43     1.626    1.82     2.081    3.468    2.78     3.119
Vars: 8235, clauses: 1584615
BFS    |0.127    0.259    0.443    0.689    1.785    2.347    2.908    5.116    6.042    7.026    8.041    9.068    10.985   12.852   12.151
Vars: 8655, clauses: 1586778
WoSB   |0.128    0.351    0.604    0.847    1.122    1.476    2.695    11.743   140.846  TL       TL       TL       TL       TL       3.962
Vars: 8235, clauses: 1584593
apta size = 518, words count = 537
--------------------------------------------------------------------------------------
randm20.02.02.06.020_0030.02.aba
       |1        2        3        4        5        6        7        8        9        10       11       12       13       14       15       16       17       18       19       20       
CLIQUE |0.124    0.244    0.39     0.537    0.693    0.854    1.017    1.187    1.368    1.561    1.75     1.947    2.152    2.42     2.834
Vars: 8265, clauses: 1555911
BFS    |0.123    0.25     0.428    0.629    1.692    2.252    2.777    4.892    5.754    6.729    7.639    8.702    10.617   11.249   10.413
Vars: 8685, clauses: 1558070
WoSB   |0.124    0.335    0.581    0.805    1.069    1.396    2.446    13.266   122.742  TL       TL       TL       TL       TL       3.646
Vars: 8265, clauses: 1555885
apta size = 520, words count = 539
--------------------------------------------------------------------------------------
randm20.02.02.06.020_0030.03.aba
       |1        2        3        4        5        6        7        8        9        10       11       12       13       14       15       16       17       18       19       20       
CLIQUE |0.125    0.248    0.391    0.542    0.699    0.859    1.027    1.197    1.38     1.566    1.765    1.957    2.158    2.504    3.447
Vars: 8235, clauses: 1574374
BFS    |0.125    0.254    0.435    0.65     1.738    2.29     2.821    4.977    5.847    6.804    7.764    9.747    10.894   11.195   13.392
Vars: 8655, clauses: 1576533
WoSB   |0.126    0.348    0.585    0.816    1.083    1.44     2.37     11.91    280.935  TL       TL       TL       TL       TL       3.712
Vars: 8235, clauses: 1574348
apta size = 518, words count = 537
--------------------------------------------------------------------------------------
randm20.02.02.06.020_0030.04.aba
       |1        2        3        4        5        6        7        8        9        10       11       12       13       14       15       16       17       18       19       20       
CLIQUE |0.125    0.253    0.396    0.549    0.704    0.864    1.034    1.204    1.383    1.572    1.765    1.959    2.246    2.612    2.946
Vars: 8235, clauses: 1568117
BFS    |0.125    0.253    0.434    0.672    1.715    2.28     2.809    3.369    5.824    6.798    7.748    8.796    10.774   11.275   11.981
Vars: 8655, clauses: 1570278
WoSB   |0.125    0.334    0.585    0.821    1.081    1.408    2.325    9.387    20.585   TL       TL       TL       TL       TL       4.332
Vars: 8235, clauses: 1568093
apta size = 518, words count = 537
--------------------------------------------------------------------------------------
randm20.02.02.06.020_0030.05.aba
       |1        2        3        4        5        6        7        8        9        10       11       12       13       14       15       16       17       18       19       20       
CLIQUE |0.121    0.243    0.382    0.537    0.687    0.844    1.01     1.177    1.355    1.527    1.718    1.906    2.101    2.302    2.657
Vars: 8130, clauses: 1530749
BFS    |0.122    0.247    0.424    0.635    1.667    2.235    2.744    4.791    5.659    6.796    7.607    9.476    11.691   13.557   10.495
Vars: 8550, clauses: 1532906
WoSB   |0.122    0.329    0.572    0.758    1.058    1.402    2.371    5.947    150.358  TL       TL       TL       TL       TL       3.701
Vars: 8130, clauses: 1530721
apta size = 511, words count = 530
--------------------------------------------------------------------------------------
randm20.02.02.07.020_0030.01.aba
       |1        2        3        4        5        6        7        8        9        10       11       12       13       14       15       16       17       18       19       20       
CLIQUE |0.122    0.24     0.38     0.527    0.686    0.844    1.01     1.179    1.352    1.531    1.726    1.916    2.172
Vars: 7085, clauses: 1297450
BFS    |0.122    0.247    0.426    0.661    1.678    2.212    2.742    3.277    5.636    6.554    7.503    8.552    9.543
Vars: 7397, clauses: 1298945
WoSB   |0.122    0.336    0.572    0.598    1.063    1.428    2.673    10.746   138.488  TL       TL       TL       3.045
Vars: 7085, clauses: 1297424
apta size = 518, words count = 537
--------------------------------------------------------------------------------------
randm20.02.02.07.020_0030.02.aba
       |1        2        3        4        5        6        7        8        9        10       11       12       13       14       15       16       17       18       19       20       
CLIQUE |0.12     0.237    0.375    0.52     0.671    0.825    0.985    1.152    1.322    1.503    1.687    1.932    2.348
Vars: 7033, clauses: 1271676
BFS    |0.12     0.241    0.414    0.645    1.632    2.165    2.689    4.657    5.491    6.417    7.343    8.339    9.312
Vars: 7345, clauses: 1273175
WoSB   |0.119    0.324    0.559    0.617    1.041    1.37     2.237    12.073   164.24   TL       TL       TL       3.011
Vars: 7033, clauses: 1271654
apta size = 514, words count = 533
--------------------------------------------------------------------------------------
randm20.02.02.07.020_0030.03.aba
       |1        2        3        4        5        6        7        8        9        10       11       12       13       14       15       16       17       18       19       20       
CLIQUE |0.122    0.237    0.382    0.532    0.682    0.842    1.006    1.171    1.345    1.533    1.717    1.906    2.226
Vars: 7085, clauses: 1284890
BFS    |0.121    0.245    0.42     0.637    1.653    2.153    2.692    4.69     5.526    6.442    7.396    8.327    10.375
Vars: 7397, clauses: 1286387
WoSB   |0.12     0.33     0.565    0.787    1.042    1.371    2.516    8.201    49.368   TL       TL       TL       3.096
Vars: 7085, clauses: 1284866
apta size = 518, words count = 537
--------------------------------------------------------------------------------------
randm20.02.02.07.020_0030.04.aba
       |1        2        3        4        5        6        7        8        9        10       11       12       13       14       15       16       17       18       19       20       
CLIQUE |0.12     0.234    0.372    0.516    0.668    0.823    0.986    1.156    1.324    1.506    1.689    1.874    2.128
Vars: 7020, clauses: 1266570
BFS    |0.118    0.241    0.413    0.601    1.618    2.159    2.658    3.183    5.447    6.339    7.27     8.222    9.28
Vars: 7332, clauses: 1268065
WoSB   |0.119    0.326    0.56     0.775    1.03     1.353    2.322    7.831    160.154  TL       TL       TL       2.977
Vars: 7020, clauses: 1266544
apta size = 513, words count = 532
--------------------------------------------------------------------------------------
randm20.02.02.07.020_0030.05.aba
       |1        2        3        4        5        6        7        8        9        10       11       12       13       14       15       16       17       18       19       20       
CLIQUE |0.12     0.236    0.376    0.523    0.68     0.842    1.002    1.17     1.342    1.528    1.714    1.908    2.166
Vars: 7085, clauses: 1282864
BFS    |0.12     0.244    0.419    0.646    1.647    2.205    2.706    3.244    5.557    6.462    7.404    8.368    9.429
Vars: 7397, clauses: 1284359
WoSB   |0.12     0.33     0.565    0.593    1.05     1.398    2.112    11.872   138.034  TL       TL       TL       3.011
Vars: 7085, clauses: 1282838
apta size = 518, words count = 537
--------------------------------------------------------------------------------------
randm20.02.02.09.020_0030.04.aba
       |1        2        3        4        5        6        7        8        9        10       11       12       13       14       15       16       17       18       19       20       
CLIQUE |0.112    0.222    0.352    0.488    0.627    0.776    0.927    1.083    1.247    1.421    1.604    1.786    1.97     2.247    3.053    3.618    4.305
Vars: 9401, clauses: 1662158
BFS    |0.113    0.227    0.391    0.635    1.53     2.007    2.537    4.355    5.121    5.966    6.852    8.741    9.867    12.29    15.045   16.528   17.173
Vars: 9945, clauses: 1665141
WoSB   |0.112    0.3      0.521    0.723    0.962    1.269    2.302    8.513    136.311  TL       TL       TL       TL       TL       TL       TL       4.058
Vars: 9401, clauses: 1662132
apta size = 518, words count = 537
--------------------------------------------------------------------------------------
randm21.02.02.04.020_0030.02.aba
       |1        2        3        4        5        6        7        8        9        10       11       12       13       14       15       16       17       18       19       20       
CLIQUE |0.116    0.229    0.365    0.506    0.652    0.805    0.964    1.125    1.295    1.471    1.652    1.838    2.095    2.49     2.79     3.229    3.481
Vars: 9384, clauses: 1704485
BFS    |0.117    0.234    0.402    0.613    0.969    2.079    2.563    4.462    5.24     7.019    7.866    9.084    10.136   12.91    12.075   15.216   16.02
Vars: 9928, clauses: 1707470
WoSB   |0.116    0.305    0.537    0.753    1.026    1.317    1.952    8.896    119.227  TL       TL       TL       TL       TL       TL       TL       11.799
Vars: 9384, clauses: 1704461
apta size = 517, words count = 536
--------------------------------------------------------------------------------------
randm21.02.02.04.020_0030.03.aba
       |1        2        3        4        5        6        7        8        9        10       11       12       13       14       15       16       17       18       19       20       
CLIQUE |0.118    0.234    0.372    0.514    0.66     0.819    0.978    1.141    1.309    1.49     1.669    1.92     2.744    2.571    2.992    5.512    3.532
Vars: 9299, clauses: 1723705
BFS    |0.117    0.238    0.408    0.648    1.601    2.116    2.614    4.549    5.375    6.274    8.191    9.275    12.117   11.543   12.346   14.388   28.632
Vars: 9843, clauses: 1726692
WoSB   |0.118    0.319    0.548    0.763    1.015    1.343    2.478    10.454   157.802  TL       TL       TL       TL       TL       TL       TL       5.915
Vars: 9299, clauses: 1723683
apta size = 512, words count = 531
--------------------------------------------------------------------------------------
randm21.02.02.04.020_0030.04.aba
       |1        2        3        4        5        6        7        8        9        10       11       12       13       14       15       16       17       18       19       20       
CLIQUE |0.115    0.223    0.352    0.492    0.635    0.782    0.934    1.096    1.259    1.426    1.607    1.783    1.966    2.224    2.607    2.927    3.412
Vars: 9095, clauses: 1664486
BFS    |0.114    0.228    0.391    0.58     0.907    2.033    2.472    2.987    5.111    6.269    7.819    8.865    10.037   13.529   19.919   25.668   52.994
Vars: 9639, clauses: 1667469
WoSB   |0.114    0.306    0.527    0.701    0.971    1.285    2.344    5.774    181.905  TL       TL       TL       TL       TL       TL       TL       5.554
Vars: 9095, clauses: 1664460
apta size = 500, words count = 519
--------------------------------------------------------------------------------------
randm21.02.02.04.020_0030.05.aba
       |1        2        3        4        5        6        7        8        9        10       11       12       13       14       15       16       17       18       19       20       
CLIQUE |0.12     0.235    0.379    0.523    0.674    0.829    0.989    1.158    1.328    1.506    1.687    1.945    2.915    2.606    3.155    10.896   5.016
Vars: 9350, clauses: 1756773
BFS    |0.12     0.243    0.42     0.613    0.939    2.181    2.668    4.682    5.524    6.439    8.347    11.991   13.396   11.728   12.614   17.231   26.084
Vars: 9894, clauses: 1759760
WoSB   |0.142    0.326    0.564    0.789    1.044    1.373    2.211    8.396    251.283  TL       TL       TL       TL       TL       TL       TL       29.738
Vars: 9350, clauses: 1756751
apta size = 515, words count = 534
--------------------------------------------------------------------------------------
randm21.02.02.05.020_0030.01.aba
       |1        2        3        4        5        6        7        8        9        10       11       12       13       14       15       16       17       18       19       20       
CLIQUE |0.145    0.249    0.392    0.544    0.695    0.856    1.024    1.197    1.369    1.558    1.743    1.94     2.13     2.338    2.696    3.111
Vars: 8752, clauses: 1673278
BFS    |0.123    0.25     0.427    0.714    1.711    2.241    2.765    4.847    5.791    6.681    8.751    11.176   13.969   11.902   17.321   17.513
Vars: 9232, clauses: 1675826
WoSB   |0.123    0.341    0.574    0.801    1.061    1.399    2.352    8.006    159.064  TL       TL       TL       TL       TL       TL       4.259
Vars: 8752, clauses: 1673250
apta size = 514, words count = 533
--------------------------------------------------------------------------------------
randm21.02.02.05.020_0030.02.aba
       |1        2        3        4        5        6        7        8        9        10       11       12       13       14       15       16       17       18       19       20       
CLIQUE |0.124    0.248    0.389    0.539    0.696    0.857    1.023    1.193    1.37     1.557    1.743    1.936    2.136    2.424    2.863    3.132
Vars: 8784, clauses: 1678654
BFS    |0.124    0.251    0.428    0.667    1.689    2.257    2.776    4.858    5.743    6.708    7.653    10.639   11.241   15.122   11.041   11.513
Vars: 9264, clauses: 1681204
WoSB   |0.123    0.342    0.577    0.805    1.067    1.412    2.693    8.729    142.56   TL       TL       TL       TL       TL       TL       6.081
Vars: 8784, clauses: 1678628
apta size = 516, words count = 535
--------------------------------------------------------------------------------------
randm21.02.02.05.020_0030.03.aba
       |1        2        3        4        5        6        7        8        9        10       11       12       13       14       15       16       17       18       19       20       
CLIQUE |0.12     0.241    0.383    0.527    0.675    0.835    0.992    1.158    1.33     1.511    1.695    1.881    2.072    2.274    2.66     3.051
Vars: 8608, clauses: 1624941
BFS    |0.12     0.245    0.414    0.631    1.631    2.169    2.693    4.693    5.558    7.247    8.414    10.559   10.981   12.198   17.966   17.631
Vars: 9088, clauses: 1627489
WoSB   |0.12     0.33     0.558    0.78     1.034    1.357    2.425    7.557    182.443  TL       TL       TL       TL       TL       TL       4.436
Vars: 8608, clauses: 1624913
apta size = 505, words count = 524
--------------------------------------------------------------------------------------
randm21.02.02.05.020_0030.04.aba
       |1        2        3        4        5        6        7        8        9        10       11       12       13       14       15       16       17       18       19       20       
CLIQUE |0.125    0.252    0.398    0.551    0.714    0.876    1.041    1.216    1.395    1.582    1.774    1.969    2.171    2.532    3.513    3.208
Vars: 8864, clauses: 1695659
BFS    |0.125    0.253    0.432    0.664    1.703    2.276    2.801    4.906    5.846    6.766    8.813    9.964    14.399   11.694   14.377   13.849
Vars: 9344, clauses: 1698209
WoSB   |0.125    0.348    0.583    0.813    1.078    1.411    2.419    8.447    98.982   TL       TL       TL       TL       TL       TL       7.562
Vars: 8864, clauses: 1695633
apta size = 521, words count = 540
--------------------------------------------------------------------------------------
randm21.02.02.05.020_0030.05.aba
       |1        2        3        4        5        6        7        8        9        10       11       12       13       14       15       16       17       18       19       20       
CLIQUE |0.129    0.258    0.408    0.562    0.723    0.892    1.064    1.242    1.425    1.625    1.819    2.018    2.333    2.752    3.114    3.497
Vars: 8880, clauses: 1707666
BFS    |0.126    0.259    0.445    0.724    1.731    2.414    2.893    5.076    6.054    7.022    8.016    10.284   13.146   15.182   16.751   17.439
Vars: 9360, clauses: 1710218
WoSB   |0.128    0.353    0.599    0.84     1.116    1.468    2.632    6.824    236.421  TL       TL       TL       TL       TL       TL       8.997
Vars: 8880, clauses: 1707642
apta size = 522, words count = 541
--------------------------------------------------------------------------------------
randm21.02.02.06.020_0030.01.aba
       |1        2        3        4        5        6        7        8        9        10       11       12       13       14       15       16       17       18       19       20       
CLIQUE |0.125    0.25     0.398    0.553    0.713    0.875    1.041    1.214    1.403    1.64     1.817    1.979    2.25     2.502    3.392    3.213    3.614    5.378    4.727
Vars: 10507, clauses: 2080983
BFS    |0.125    0.257    0.442    0.642    1.762    2.307    2.852    3.416    5.916    6.93     7.87     9.087    10.158   12.945   15.054   16.754   18.523   36.652   56.797
Vars: 11191, clauses: 2084966
WoSB   |0.126    0.533    0.599    0.843    1.111    1.488    2.494    8.381    256.939  TL       TL       TL       TL       TL       TL       TL       TL       TL       33.637
Vars: 10507, clauses: 2080957
apta size = 514, words count = 533
--------------------------------------------------------------------------------------
randm21.02.02.06.020_0030.02.aba
       |1        2        3        4        5        6        7        8        9        10       11       12       13       14       15       16       17       18       19       20       
CLIQUE |0.127    0.248    0.397    0.549    0.711    0.873    1.043    1.214    1.392    1.576    1.773    1.968    2.17     2.38     2.666    3.088    3.408    3.839    6.929    4.691
Vars: 11120, clauses: 2227173
BFS    |0.125    0.255    0.436    0.67     1.742    2.302    2.846    4.993    5.921    6.879    7.866    8.907    10.916   12.517   14.545   12.884   16.328   18.994   27.552   20.668
Vars: 11880, clauses: 2231725
WoSB   |0.125    0.346    0.589    0.618    1.09     1.433    2.452    14.048   144.621  TL       TL       TL       TL       TL       TL       TL       TL       TL       TL       70.307
Vars: 11120, clauses: 2227145
apta size = 515, words count = 534
--------------------------------------------------------------------------------------
randm21.02.02.06.020_0030.03.aba
       |1        2        3        4        5        6        7        8        9        10       11       12       13       14       15       16       17       18       19       20       
CLIQUE |0.13     0.262    0.412    0.572    0.746    0.914    1.097    1.268    1.455    1.646    1.84     2.042    2.246    2.46     2.692    2.918    3.287    3.824    4.143    4.564
Vars: 11220, clauses: 2290592
BFS    |0.13     0.264    0.451    0.706    1.811    2.407    2.976    5.226    6.211    7.196    8.234    9.3      10.001   12.732   14.024   17.269   16.336   14.827   21.392   41.712
Vars: 11980, clauses: 2295140
WoSB   |0.13     0.349    0.608    0.64     1.125    1.481    2.27     6.087    131.88   TL       TL       TL       TL       TL       TL       TL       TL       TL       TL       6.495
Vars: 11220, clauses: 2290560
apta size = 520, words count = 539
--------------------------------------------------------------------------------------
randm21.02.02.06.020_0030.04.aba
       |1        2        3        4        5        6        7        8        9        10       11       12       13       14       15       16       17       18       19       20       
CLIQUE |0.13     0.253    0.401    0.564    0.724    0.889    1.066    1.243    1.423    1.618    1.81     2.008    2.217    2.427    2.649    2.958    3.423    3.727    4.275    4.678
Vars: 11260, clauses: 2270972
BFS    |0.128    0.26     0.446    0.695    1.791    2.378    2.921    5.125    6.063    7.048    8.114    9.184    9.961    11.385   11.845   12.548   16.743   14.503   20.901   34.564
Vars: 12020, clauses: 2275522
WoSB   |0.128    0.345    0.6      0.766    1.117    1.451    2.604    12.401   117.314  TL       TL       TL       TL       TL       TL       TL       TL       TL       TL       37.962
Vars: 11260, clauses: 2270942
apta size = 522, words count = 541
--------------------------------------------------------------------------------------
randm21.02.02.06.020_0030.05.aba
       |1        2        3        4        5        6        7        8        9        10       11       12       13       14       15       16       17       18       19       20       
CLIQUE |0.128    0.255    0.4      0.552    0.714    0.878    1.053    1.233    1.412    1.611    1.81     2.004    2.209    2.431    2.646    2.871    3.324    3.669    4.083    4.617
Vars: 11140, clauses: 2244428
BFS    |0.126    0.257    0.442    0.694    1.765    2.36     2.902    5.101    6.01     6.978    8.008    9.615    9.945    11.379   11.846   16.099   14.873   19.077   29.393   86.808
Vars: 11900, clauses: 2248976
WoSB   |0.15     0.339    0.599    0.835    1.108    1.467    2.975    9.949    210.214  TL       TL       TL       TL       TL       TL       TL       TL       TL       TL       34.114
Vars: 11140, clauses: 2244396
apta size = 516, words count = 535
--------------------------------------------------------------------------------------
randm21.02.02.07.020_0030.01.aba
       |1        2        3        4        5        6        7        8        9        10       11       12       13       14       15       16       17       18       19       20       
CLIQUE |0.13     0.254    0.408    0.562    0.733    0.902    1.07     1.25     1.43     1.628    1.847    2.025    2.232    2.443    2.754    3.737    3.471    3.875    4.347
Vars: 10678, clauses: 2139571
BFS    |0.13     0.263    0.447    0.672    1.801    2.387    2.932    5.183    6.107    7.106    8.135    9.216    10.002   10.291   10.629   11.931   15.438   15.499   15.741
Vars: 11362, clauses: 2143552
WoSB   |0.129    0.351    0.603    0.85     1.12     1.476    2.428    16.84    151.484  TL       TL       TL       TL       TL       TL       TL       TL       TL       7.237
Vars: 10678, clauses: 2139543
apta size = 523, words count = 542
--------------------------------------------------------------------------------------
randm21.02.02.07.020_0030.02.aba
       |1        2        3        4        5        6        7        8        9        10       11       12       13       14       15       16       17       18       19       20       
CLIQUE |0.266    0.251    0.398    0.552    0.713    0.877    1.049    1.23     1.413    1.608    1.8      2.006    2.205    2.42     2.653    2.955    3.41     3.7      4.111
Vars: 10659, clauses: 2122358
BFS    |0.128    0.259    0.447    0.697    1.785    2.353    2.918    5.074    6.014    6.999    8.026    9.115    9.93     10.316   10.675   11.861   15.833   13.325   16.746
Vars: 11343, clauses: 2126337
WoSB   |0.127    0.346    0.6      0.627    0.991    1.472    2.585    9.267    158.901  TL       TL       TL       TL       TL       TL       TL       TL       TL       5.234
Vars: 10659, clauses: 2122328
apta size = 522, words count = 541
--------------------------------------------------------------------------------------
